function f = frequency_n()
% Compute f(n)
f=zeros(1500,1);
f(1:500) = 100;
f(501:1000) = 100 + ((501:1000)-500)/2; 
f(1001:1500) = 100 + (((1001:1500)-1000)/25).^2 ;
end

